{
 "cells": [
  {
   "cell_type": "code",
   "execution_count": 1,
   "metadata": {},
   "outputs": [
    {
     "data": {
      "text/html": [
       "        <script type=\"text/javascript\">\n",
       "        window.PlotlyConfig = {MathJaxConfig: 'local'};\n",
       "        if (window.MathJax) {MathJax.Hub.Config({SVG: {font: \"STIX-Web\"}});}\n",
       "        if (typeof require !== 'undefined') {\n",
       "        require.undef(\"plotly\");\n",
       "        requirejs.config({\n",
       "            paths: {\n",
       "                'plotly': ['https://cdn.plot.ly/plotly-latest.min']\n",
       "            }\n",
       "        });\n",
       "        require(['plotly'], function(Plotly) {\n",
       "            window._Plotly = Plotly;\n",
       "        });\n",
       "        }\n",
       "        </script>\n",
       "        "
      ]
     },
     "metadata": {},
     "output_type": "display_data"
    }
   ],
   "source": [
    "import numpy as np\n",
    "import plotly\n",
    "import plotly.plotly as py\n",
    "import plotly.graph_objs as go\n",
    "from plotly.offline import init_notebook_mode, download_plotlyjs\n",
    "init_notebook_mode(connected=True)"
   ]
  },
  {
   "cell_type": "markdown",
   "metadata": {},
   "source": [
    "# Cost Function"
   ]
  },
  {
   "cell_type": "markdown",
   "metadata": {},
   "source": [
    "パラメータ$b$によるコスト関数の変化"
   ]
  },
  {
   "cell_type": "markdown",
   "metadata": {},
   "source": [
    "\\begin{equation}\n",
    "    C(q_0, q_1) = b \\log (e^{q_0/b} + e^{q_1/b})\n",
    "\\end{equation}"
   ]
  },
  {
   "cell_type": "code",
   "execution_count": 2,
   "metadata": {},
   "outputs": [],
   "source": [
    "def LMSR(q0, q1, b):\n",
    "    return b * np.log(np.power(np.e, (q0 / b)) + np.power(np.e, (q1 / b)))"
   ]
  },
  {
   "cell_type": "code",
   "execution_count": 3,
   "metadata": {},
   "outputs": [],
   "source": [
    "x, y = np.meshgrid(np.linspace(0, 200, 32), np.linspace(0, 200, 32))"
   ]
  },
  {
   "cell_type": "code",
   "execution_count": 4,
   "metadata": {},
   "outputs": [
    {
     "data": {
      "application/vnd.plotly.v1+json": {
       "config": {
        "linkText": "Export to plot.ly",
        "plotlyServerURL": "https://plot.ly",
        "showLink": false
       },
       "data": [
        {
         "type": "surface",
         "uid": "58b14c66-5340-4451-9ab3-19b553da20ec",
         "z": [
          [
           0.6931471805599453,
           6.453189634525596,
           12.903228296453593,
           19.354838713606583,
           25.806451612909424,
           32.25806451612904,
           38.70967741935483,
           45.16129032258064,
           51.61290322580645,
           58.064516129032256,
           64.51612903225806,
           70.96774193548387,
           77.41935483870967,
           83.87096774193547,
           90.32258064516128,
           96.77419354838709,
           103.2258064516129,
           109.6774193548387,
           116.12903225806451,
           122.58064516129032,
           129.03225806451613,
           135.48387096774192,
           141.93548387096774,
           148.38709677419354,
           154.83870967741933,
           161.29032258064515,
           167.74193548387095,
           174.19354838709677,
           180.64516129032256,
           187.09677419354838,
           193.54838709677418,
           200
          ],
          [
           6.453189634525596,
           7.1447600837857514,
           12.9048025377514,
           19.3548411996794,
           25.806451616832387,
           32.25806451613523,
           38.70967741935484,
           45.16129032258064,
           51.61290322580645,
           58.064516129032256,
           64.51612903225806,
           70.96774193548387,
           77.41935483870967,
           83.87096774193547,
           90.32258064516128,
           96.77419354838709,
           103.2258064516129,
           109.6774193548387,
           116.12903225806451,
           122.58064516129032,
           129.03225806451613,
           135.48387096774192,
           141.93548387096774,
           148.38709677419354,
           154.83870967741933,
           161.29032258064515,
           167.74193548387095,
           174.19354838709677,
           180.64516129032256,
           187.09677419354838,
           193.54838709677418,
           200
          ],
          [
           12.903228296453593,
           12.9048025377514,
           13.596372987011557,
           19.356415440977205,
           25.806454102905207,
           32.2580645200582,
           38.70967741936103,
           45.16129032258065,
           51.61290322580645,
           58.064516129032256,
           64.51612903225806,
           70.96774193548387,
           77.41935483870967,
           83.87096774193547,
           90.32258064516128,
           96.77419354838709,
           103.2258064516129,
           109.6774193548387,
           116.12903225806451,
           122.58064516129032,
           129.03225806451613,
           135.48387096774192,
           141.93548387096774,
           148.38709677419354,
           154.83870967741933,
           161.29032258064515,
           167.74193548387095,
           174.19354838709677,
           180.64516129032256,
           187.09677419354838,
           193.54838709677418,
           200
          ],
          [
           19.354838713606583,
           19.3548411996794,
           19.356415440977205,
           20.04798589023736,
           25.808028344203013,
           32.258067006131014,
           38.709677423284,
           45.16129032258684,
           51.612903225806456,
           58.064516129032256,
           64.51612903225806,
           70.96774193548387,
           77.41935483870967,
           83.87096774193547,
           90.32258064516128,
           96.77419354838709,
           103.2258064516129,
           109.6774193548387,
           116.12903225806451,
           122.58064516129032,
           129.03225806451613,
           135.48387096774192,
           141.93548387096774,
           148.38709677419354,
           154.83870967741933,
           161.29032258064515,
           167.74193548387095,
           174.19354838709677,
           180.64516129032256,
           187.09677419354838,
           193.54838709677418,
           200
          ],
          [
           25.806451612909424,
           25.806451616832387,
           25.806454102905207,
           25.808028344203013,
           26.499598793463168,
           32.25964124742882,
           38.709679909356815,
           45.16129032650981,
           51.612903225812644,
           58.06451612903226,
           64.51612903225806,
           70.96774193548387,
           77.41935483870967,
           83.87096774193547,
           90.32258064516128,
           96.77419354838709,
           103.2258064516129,
           109.6774193548387,
           116.12903225806451,
           122.58064516129032,
           129.03225806451613,
           135.48387096774192,
           141.93548387096774,
           148.38709677419354,
           154.83870967741933,
           161.29032258064515,
           167.74193548387095,
           174.19354838709677,
           180.64516129032256,
           187.09677419354838,
           193.54838709677418,
           200
          ],
          [
           32.25806451612904,
           32.25806451613523,
           32.2580645200582,
           32.258067006131014,
           32.25964124742882,
           32.95121169668897,
           38.71125415065462,
           45.16129281258262,
           51.612903229735615,
           58.06451612903845,
           64.51612903225806,
           70.96774193548387,
           77.41935483870967,
           83.87096774193547,
           90.32258064516128,
           96.77419354838709,
           103.2258064516129,
           109.6774193548387,
           116.12903225806451,
           122.58064516129032,
           129.03225806451613,
           135.48387096774192,
           141.93548387096774,
           148.38709677419354,
           154.83870967741933,
           161.29032258064515,
           167.74193548387095,
           174.19354838709677,
           180.64516129032256,
           187.09677419354838,
           193.54838709677418,
           200
          ],
          [
           38.70967741935483,
           38.70967741935484,
           38.70967741936103,
           38.709677423284,
           38.709679909356815,
           38.71125415065462,
           39.40282459991477,
           45.162867053880426,
           51.61290571580843,
           58.064516132961415,
           64.51612903226426,
           70.96774193548387,
           77.41935483870967,
           83.87096774193547,
           90.32258064516128,
           96.77419354838709,
           103.2258064516129,
           109.6774193548387,
           116.12903225806451,
           122.58064516129032,
           129.03225806451613,
           135.48387096774192,
           141.93548387096774,
           148.38709677419354,
           154.83870967741933,
           161.29032258064515,
           167.74193548387095,
           174.19354838709677,
           180.64516129032256,
           187.09677419354838,
           193.54838709677418,
           200
          ],
          [
           45.16129032258064,
           45.16129032258064,
           45.16129032258065,
           45.16129032258684,
           45.16129032650981,
           45.16129281258262,
           45.162867053880426,
           45.85443750314058,
           51.614479957106234,
           58.06451861903424,
           64.51612903618722,
           70.96774193549007,
           77.41935483870967,
           83.87096774193547,
           90.32258064516128,
           96.77419354838709,
           103.2258064516129,
           109.6774193548387,
           116.12903225806451,
           122.58064516129032,
           129.03225806451613,
           135.48387096774192,
           141.93548387096774,
           148.38709677419354,
           154.83870967741933,
           161.29032258064515,
           167.74193548387095,
           174.19354838709677,
           180.64516129032256,
           187.09677419354838,
           193.54838709677418,
           200
          ],
          [
           51.61290322580645,
           51.61290322580645,
           51.61290322580645,
           51.612903225806456,
           51.612903225812644,
           51.612903229735615,
           51.61290571580843,
           51.614479957106234,
           52.30605040636639,
           58.06609286033204,
           64.51613152226004,
           70.96774193941303,
           77.41935483871586,
           83.87096774193547,
           90.32258064516128,
           96.77419354838709,
           103.2258064516129,
           109.6774193548387,
           116.12903225806451,
           122.58064516129032,
           129.03225806451613,
           135.48387096774192,
           141.93548387096774,
           148.38709677419354,
           154.83870967741933,
           161.29032258064515,
           167.74193548387095,
           174.19354838709677,
           180.64516129032256,
           187.09677419354838,
           193.54838709677418,
           200
          ],
          [
           58.064516129032256,
           58.064516129032256,
           58.064516129032256,
           58.064516129032256,
           58.06451612903226,
           58.06451612903845,
           58.064516132961415,
           58.06451861903424,
           58.06609286033204,
           58.757663309592196,
           64.51770576355786,
           70.96774442548585,
           77.41935484263882,
           83.87096774194167,
           90.32258064516128,
           96.77419354838709,
           103.2258064516129,
           109.6774193548387,
           116.12903225806451,
           122.58064516129032,
           129.03225806451613,
           135.48387096774192,
           141.93548387096774,
           148.38709677419354,
           154.83870967741933,
           161.29032258064515,
           167.74193548387095,
           174.19354838709677,
           180.64516129032256,
           187.09677419354838,
           193.54838709677418,
           200
          ],
          [
           64.51612903225806,
           64.51612903225806,
           64.51612903225806,
           64.51612903225806,
           64.51612903225806,
           64.51612903225806,
           64.51612903226426,
           64.51612903618722,
           64.51613152226004,
           64.51770576355786,
           65.20927621281801,
           70.96931866678366,
           77.41935732871164,
           83.87096774586463,
           90.32258064516748,
           96.77419354838709,
           103.2258064516129,
           109.6774193548387,
           116.12903225806451,
           122.58064516129032,
           129.03225806451613,
           135.48387096774192,
           141.93548387096774,
           148.38709677419354,
           154.83870967741933,
           161.29032258064515,
           167.74193548387095,
           174.19354838709677,
           180.64516129032256,
           187.09677419354838,
           193.54838709677418,
           200
          ],
          [
           70.96774193548387,
           70.96774193548387,
           70.96774193548387,
           70.96774193548387,
           70.96774193548387,
           70.96774193548387,
           70.96774193548387,
           70.96774193549007,
           70.96774193941303,
           70.96774442548585,
           70.96931866678366,
           71.66088911604382,
           77.42093157000946,
           83.87097023193745,
           90.32258064909044,
           96.77419354839328,
           103.2258064516129,
           109.6774193548387,
           116.12903225806451,
           122.58064516129032,
           129.03225806451613,
           135.48387096774192,
           141.93548387096774,
           148.38709677419354,
           154.83870967741933,
           161.29032258064515,
           167.74193548387095,
           174.19354838709677,
           180.64516129032256,
           187.09677419354838,
           193.54838709677418,
           200
          ],
          [
           77.41935483870967,
           77.41935483870967,
           77.41935483870967,
           77.41935483870967,
           77.41935483870967,
           77.41935483870967,
           77.41935483870967,
           77.41935483870967,
           77.41935483871586,
           77.41935484263882,
           77.41935732871164,
           77.42093157000946,
           78.11250201926961,
           83.87254447323527,
           90.32258313516326,
           96.77419355231625,
           103.22580645161909,
           109.6774193548387,
           116.12903225806451,
           122.58064516129032,
           129.03225806451613,
           135.48387096774192,
           141.93548387096774,
           148.38709677419354,
           154.83870967741933,
           161.29032258064515,
           167.74193548387095,
           174.19354838709677,
           180.64516129032256,
           187.09677419354838,
           193.54838709677418,
           200
          ],
          [
           83.87096774193547,
           83.87096774193547,
           83.87096774193547,
           83.87096774193547,
           83.87096774193547,
           83.87096774193547,
           83.87096774193547,
           83.87096774193547,
           83.87096774193547,
           83.87096774194167,
           83.87096774586463,
           83.87097023193745,
           83.87254447323527,
           84.56411492249542,
           90.32415737646106,
           96.77419603838906,
           103.22580645554206,
           109.6774193548449,
           116.12903225806451,
           122.58064516129032,
           129.03225806451613,
           135.48387096774192,
           141.93548387096774,
           148.38709677419354,
           154.83870967741933,
           161.29032258064515,
           167.74193548387095,
           174.19354838709677,
           180.64516129032256,
           187.09677419354838,
           193.54838709677418,
           200
          ],
          [
           90.32258064516128,
           90.32258064516128,
           90.32258064516128,
           90.32258064516128,
           90.32258064516128,
           90.32258064516128,
           90.32258064516128,
           90.32258064516128,
           90.32258064516128,
           90.32258064516128,
           90.32258064516748,
           90.32258064909044,
           90.32258313516326,
           90.32415737646106,
           91.01572782572123,
           96.77577027968687,
           103.22580894161487,
           109.67741935876786,
           116.12903225807071,
           122.58064516129032,
           129.03225806451613,
           135.48387096774192,
           141.93548387096774,
           148.38709677419354,
           154.83870967741933,
           161.29032258064515,
           167.74193548387095,
           174.19354838709677,
           180.64516129032256,
           187.09677419354838,
           193.54838709677418,
           200
          ],
          [
           96.77419354838709,
           96.77419354838709,
           96.77419354838709,
           96.77419354838709,
           96.77419354838709,
           96.77419354838709,
           96.77419354838709,
           96.77419354838709,
           96.77419354838709,
           96.77419354838709,
           96.77419354838709,
           96.77419354839328,
           96.77419355231625,
           96.77419603838906,
           96.77577027968687,
           97.46734072894704,
           103.22738318291267,
           109.67742184484068,
           116.12903226199367,
           122.58064516129652,
           129.03225806451613,
           135.48387096774192,
           141.93548387096774,
           148.38709677419354,
           154.83870967741933,
           161.29032258064515,
           167.74193548387095,
           174.19354838709677,
           180.64516129032256,
           187.09677419354838,
           193.54838709677418,
           200
          ],
          [
           103.2258064516129,
           103.2258064516129,
           103.2258064516129,
           103.2258064516129,
           103.2258064516129,
           103.2258064516129,
           103.2258064516129,
           103.2258064516129,
           103.2258064516129,
           103.2258064516129,
           103.2258064516129,
           103.2258064516129,
           103.22580645161909,
           103.22580645554206,
           103.22580894161487,
           103.22738318291267,
           103.91895363217283,
           109.67899608613848,
           116.12903474806649,
           122.58064516521948,
           129.03225806452232,
           135.48387096774192,
           141.93548387096774,
           148.38709677419354,
           154.83870967741933,
           161.29032258064515,
           167.74193548387095,
           174.19354838709677,
           180.64516129032256,
           187.09677419354838,
           193.54838709677418,
           200
          ],
          [
           109.6774193548387,
           109.6774193548387,
           109.6774193548387,
           109.6774193548387,
           109.6774193548387,
           109.6774193548387,
           109.6774193548387,
           109.6774193548387,
           109.6774193548387,
           109.6774193548387,
           109.6774193548387,
           109.6774193548387,
           109.6774193548387,
           109.6774193548449,
           109.67741935876786,
           109.67742184484068,
           109.67899608613848,
           110.37056653539864,
           116.13060898936429,
           122.5806476512923,
           129.0322580684453,
           135.48387096774812,
           141.93548387096774,
           148.38709677419354,
           154.83870967741933,
           161.29032258064515,
           167.74193548387095,
           174.19354838709677,
           180.64516129032256,
           187.09677419354838,
           193.54838709677418,
           200
          ],
          [
           116.12903225806451,
           116.12903225806451,
           116.12903225806451,
           116.12903225806451,
           116.12903225806451,
           116.12903225806451,
           116.12903225806451,
           116.12903225806451,
           116.12903225806451,
           116.12903225806451,
           116.12903225806451,
           116.12903225806451,
           116.12903225806451,
           116.12903225806451,
           116.12903225807071,
           116.12903226199367,
           116.12903474806649,
           116.13060898936429,
           116.82217943862445,
           122.5822218925901,
           129.0322605545181,
           135.48387097167108,
           141.93548387097394,
           148.38709677419354,
           154.83870967741933,
           161.29032258064515,
           167.74193548387095,
           174.19354838709677,
           180.64516129032256,
           187.09677419354838,
           193.54838709677418,
           200
          ],
          [
           122.58064516129032,
           122.58064516129032,
           122.58064516129032,
           122.58064516129032,
           122.58064516129032,
           122.58064516129032,
           122.58064516129032,
           122.58064516129032,
           122.58064516129032,
           122.58064516129032,
           122.58064516129032,
           122.58064516129032,
           122.58064516129032,
           122.58064516129032,
           122.58064516129032,
           122.58064516129652,
           122.58064516521948,
           122.5806476512923,
           122.5822218925901,
           123.27379234185025,
           129.03383479581592,
           135.4838734577439,
           141.9354838748969,
           148.38709677419973,
           154.83870967741933,
           161.29032258064515,
           167.74193548387095,
           174.19354838709677,
           180.64516129032256,
           187.09677419354838,
           193.54838709677418,
           200
          ],
          [
           129.03225806451613,
           129.03225806451613,
           129.03225806451613,
           129.03225806451613,
           129.03225806451613,
           129.03225806451613,
           129.03225806451613,
           129.03225806451613,
           129.03225806451613,
           129.03225806451613,
           129.03225806451613,
           129.03225806451613,
           129.03225806451613,
           129.03225806451613,
           129.03225806451613,
           129.03225806451613,
           129.03225806452232,
           129.0322580684453,
           129.0322605545181,
           129.03383479581592,
           129.72540524507608,
           135.4854476990417,
           141.93548636096972,
           148.3870967781227,
           154.83870967742553,
           161.29032258064515,
           167.74193548387095,
           174.19354838709677,
           180.64516129032256,
           187.09677419354838,
           193.54838709677418,
           200
          ],
          [
           135.48387096774192,
           135.48387096774192,
           135.48387096774192,
           135.48387096774192,
           135.48387096774192,
           135.48387096774192,
           135.48387096774192,
           135.48387096774192,
           135.48387096774192,
           135.48387096774192,
           135.48387096774192,
           135.48387096774192,
           135.48387096774192,
           135.48387096774192,
           135.48387096774192,
           135.48387096774192,
           135.48387096774192,
           135.48387096774812,
           135.48387097167108,
           135.4838734577439,
           135.4854476990417,
           136.17701814830187,
           141.93706060226754,
           148.3870992641955,
           154.8387096813485,
           161.29032258065135,
           167.74193548387095,
           174.19354838709677,
           180.64516129032256,
           187.09677419354838,
           193.54838709677418,
           200
          ],
          [
           141.93548387096774,
           141.93548387096774,
           141.93548387096774,
           141.93548387096774,
           141.93548387096774,
           141.93548387096774,
           141.93548387096774,
           141.93548387096774,
           141.93548387096774,
           141.93548387096774,
           141.93548387096774,
           141.93548387096774,
           141.93548387096774,
           141.93548387096774,
           141.93548387096774,
           141.93548387096774,
           141.93548387096774,
           141.93548387096774,
           141.93548387097394,
           141.9354838748969,
           141.93548636096972,
           141.93706060226754,
           142.6286310515277,
           148.38867350549333,
           154.8387121674213,
           161.2903225845743,
           167.74193548387714,
           174.19354838709677,
           180.64516129032256,
           187.09677419354838,
           193.54838709677418,
           200
          ],
          [
           148.38709677419354,
           148.38709677419354,
           148.38709677419354,
           148.38709677419354,
           148.38709677419354,
           148.38709677419354,
           148.38709677419354,
           148.38709677419354,
           148.38709677419354,
           148.38709677419354,
           148.38709677419354,
           148.38709677419354,
           148.38709677419354,
           148.38709677419354,
           148.38709677419354,
           148.38709677419354,
           148.38709677419354,
           148.38709677419354,
           148.38709677419354,
           148.38709677419973,
           148.3870967781227,
           148.3870992641955,
           148.38867350549333,
           149.08024395475348,
           154.84028640871912,
           161.29032507064713,
           167.7419354878001,
           174.19354838710296,
           180.64516129032256,
           187.09677419354838,
           193.54838709677418,
           200
          ],
          [
           154.83870967741933,
           154.83870967741933,
           154.83870967741933,
           154.83870967741933,
           154.83870967741933,
           154.83870967741933,
           154.83870967741933,
           154.83870967741933,
           154.83870967741933,
           154.83870967741933,
           154.83870967741933,
           154.83870967741933,
           154.83870967741933,
           154.83870967741933,
           154.83870967741933,
           154.83870967741933,
           154.83870967741933,
           154.83870967741933,
           154.83870967741933,
           154.83870967741933,
           154.83870967742553,
           154.8387096813485,
           154.8387121674213,
           154.84028640871912,
           155.53185685797928,
           161.29189931194495,
           167.74193797387292,
           174.19354839102593,
           180.64516129032876,
           187.09677419354838,
           193.54838709677418,
           200
          ],
          [
           161.29032258064515,
           161.29032258064515,
           161.29032258064515,
           161.29032258064515,
           161.29032258064515,
           161.29032258064515,
           161.29032258064515,
           161.29032258064515,
           161.29032258064515,
           161.29032258064515,
           161.29032258064515,
           161.29032258064515,
           161.29032258064515,
           161.29032258064515,
           161.29032258064515,
           161.29032258064515,
           161.29032258064515,
           161.29032258064515,
           161.29032258064515,
           161.29032258064515,
           161.29032258064515,
           161.29032258065135,
           161.2903225845743,
           161.29032507064713,
           161.29189931194495,
           161.9834697612051,
           167.74351221517074,
           174.19355087709874,
           180.64516129425172,
           187.09677419355458,
           193.54838709677418,
           200
          ],
          [
           167.74193548387095,
           167.74193548387095,
           167.74193548387095,
           167.74193548387095,
           167.74193548387095,
           167.74193548387095,
           167.74193548387095,
           167.74193548387095,
           167.74193548387095,
           167.74193548387095,
           167.74193548387095,
           167.74193548387095,
           167.74193548387095,
           167.74193548387095,
           167.74193548387095,
           167.74193548387095,
           167.74193548387095,
           167.74193548387095,
           167.74193548387095,
           167.74193548387095,
           167.74193548387095,
           167.74193548387095,
           167.74193548387714,
           167.7419354878001,
           167.74193797387292,
           167.74351221517074,
           168.4350826644309,
           174.19512511839656,
           180.64516378032454,
           187.09677419747754,
           193.54838709678037,
           200
          ],
          [
           174.19354838709677,
           174.19354838709677,
           174.19354838709677,
           174.19354838709677,
           174.19354838709677,
           174.19354838709677,
           174.19354838709677,
           174.19354838709677,
           174.19354838709677,
           174.19354838709677,
           174.19354838709677,
           174.19354838709677,
           174.19354838709677,
           174.19354838709677,
           174.19354838709677,
           174.19354838709677,
           174.19354838709677,
           174.19354838709677,
           174.19354838709677,
           174.19354838709677,
           174.19354838709677,
           174.19354838709677,
           174.19354838709677,
           174.19354838710296,
           174.19354839102593,
           174.19355087709874,
           174.19512511839656,
           174.88669556765672,
           180.64673802162235,
           187.09677668355036,
           193.54838710070334,
           200.0000000000062
          ],
          [
           180.64516129032256,
           180.64516129032256,
           180.64516129032256,
           180.64516129032256,
           180.64516129032256,
           180.64516129032256,
           180.64516129032256,
           180.64516129032256,
           180.64516129032256,
           180.64516129032256,
           180.64516129032256,
           180.64516129032256,
           180.64516129032256,
           180.64516129032256,
           180.64516129032256,
           180.64516129032256,
           180.64516129032256,
           180.64516129032256,
           180.64516129032256,
           180.64516129032256,
           180.64516129032256,
           180.64516129032256,
           180.64516129032256,
           180.64516129032256,
           180.64516129032876,
           180.64516129425172,
           180.64516378032454,
           180.64673802162235,
           181.3383084708825,
           187.09835092484818,
           193.54838958677615,
           200.00000000392916
          ],
          [
           187.09677419354838,
           187.09677419354838,
           187.09677419354838,
           187.09677419354838,
           187.09677419354838,
           187.09677419354838,
           187.09677419354838,
           187.09677419354838,
           187.09677419354838,
           187.09677419354838,
           187.09677419354838,
           187.09677419354838,
           187.09677419354838,
           187.09677419354838,
           187.09677419354838,
           187.09677419354838,
           187.09677419354838,
           187.09677419354838,
           187.09677419354838,
           187.09677419354838,
           187.09677419354838,
           187.09677419354838,
           187.09677419354838,
           187.09677419354838,
           187.09677419354838,
           187.09677419355458,
           187.09677419747754,
           187.09677668355036,
           187.09835092484818,
           187.78992137410833,
           193.54996382807397,
           200.00000249000198
          ],
          [
           193.54838709677418,
           193.54838709677418,
           193.54838709677418,
           193.54838709677418,
           193.54838709677418,
           193.54838709677418,
           193.54838709677418,
           193.54838709677418,
           193.54838709677418,
           193.54838709677418,
           193.54838709677418,
           193.54838709677418,
           193.54838709677418,
           193.54838709677418,
           193.54838709677418,
           193.54838709677418,
           193.54838709677418,
           193.54838709677418,
           193.54838709677418,
           193.54838709677418,
           193.54838709677418,
           193.54838709677418,
           193.54838709677418,
           193.54838709677418,
           193.54838709677418,
           193.54838709677418,
           193.54838709678037,
           193.54838710070334,
           193.54838958677615,
           193.54996382807397,
           194.24153427733413,
           200.0015767312998
          ],
          [
           200,
           200,
           200,
           200,
           200,
           200,
           200,
           200,
           200,
           200,
           200,
           200,
           200,
           200,
           200,
           200,
           200,
           200,
           200,
           200,
           200,
           200,
           200,
           200,
           200,
           200,
           200,
           200.0000000000062,
           200.00000000392916,
           200.00000249000198,
           200.0015767312998,
           200.69314718055995
          ]
         ]
        }
       ],
       "layout": {
        "autosize": false,
        "height": 500,
        "margin": {
         "b": 65,
         "l": 65,
         "r": 50,
         "t": 90
        },
        "title": {
         "text": "LMSR : Cost Function"
        },
        "width": 500
       }
      },
      "text/html": [
       "<div>\n",
       "        \n",
       "        \n",
       "            <div id=\"4352683d-d632-4e63-90bb-d8f034d675b6\" class=\"plotly-graph-div\" style=\"height:500px; width:500px;\"></div>\n",
       "            <script type=\"text/javascript\">\n",
       "                require([\"plotly\"], function(Plotly) {\n",
       "                    window.PLOTLYENV=window.PLOTLYENV || {};\n",
       "                    window.PLOTLYENV.BASE_URL='https://plot.ly';\n",
       "                    \n",
       "                if (document.getElementById(\"4352683d-d632-4e63-90bb-d8f034d675b6\")) {\n",
       "                    Plotly.newPlot(\n",
       "                        '4352683d-d632-4e63-90bb-d8f034d675b6',\n",
