{
 "cells": [
  {
   "cell_type": "markdown",
   "metadata": {},
   "source": [
    "# Liquidity Sensitive Automated Market Maker"
   ]
  },
  {
   "cell_type": "markdown",
   "metadata": {},
   "source": [
    "## Motivation"
   ]
  },
  {
   "cell_type": "markdown",
   "metadata": {},
   "source": [
    "LMSR(Logarithmic Market Scoring Rule)\n",
    "\n",
    "- Widely used by a number of Prediction Markets.\n",
    "- Liquidity is good for traders but comes at the cost of increasing the market maker's worst-case loss\n",
    "- An LMSR operator can expect to lose money in proportion to the liquidity it provides\n",
    "\n",
    "-> We need **new market maker algorithm**!"
   ]
  },
  {
   "cell_type": "markdown",
   "metadata": {},
   "source": [
    "**Liquidity Sensitive Automated Market Maker**\n",
    "\n",
    "- Automatically adjusts how easily prices change according to how much activity it sees\n",
    "    - prices bocome less elastic as more dollars flow in\n",
    "- ensure an arbitrarily small loss in the worst case and a positive profit over a wide range of final states\n",
    "- prices can sum to greater than $1\n",
    "- an explicit, easy-to-calculate functional form"
   ]
  },
  {
   "cell_type": "markdown",
   "metadata": {},
   "source": [
    "## Preliminaly"
   ]
  },
  {
   "cell_type": "markdown",
   "metadata": {},
   "source": [
    "- $\\mathbf{q}$ : vector of sequlity quantities\n",
    "- $p_i(\\cdot)$ : price of sequlity $i$"
   ]
  },
  {
   "cell_type": "markdown",
   "metadata": {},
   "source": [
    "**Definition(Path Independence)**\n",
    "\n",
    "Pricing rule $\\mathbf{p}$ is *path independence* if the value of line integral between any two quantity vectors depends only on those quantity vectors, and not on the path between them."
   ]
  },
  {
   "cell_type": "markdown",
   "metadata": {},
   "source": [
    "**Definition(Translation Invariance)**\n",
    "\n",
    "A pricing rule is *translation invariant* if prices always sum to unity. Formally:\n",
    "$$\n",
    "    \\sum_i p_i(\\mathbf{q}) = 1\n",
    "$$"
   ]
  },
  {
   "cell_type": "markdown",
   "metadata": {},
   "source": [
    "**Definition(Liquidity Sensitivity)**\n",
    "\n",
    "Define the $n$-dimensional vector  $\\mathbf{1} = (1, \\ldots, 1)$. A pricing rule is *liquidity insensitive* if\n",
    "$$\n",
    "    p_i(\\mathbf{q} + \\alpha \\mathbf{1}) = p_i(\\mathbf{q})\n",
    "$$\n",
    "for all valid $\\mathbf{q}$ and all $\\alpha$"
   ]
  },
  {
   "cell_type": "markdown",
   "metadata": {},
   "source": [
    "**Theorem**\n",
    "\n",
    "No pricing rule is translation invariant, path independent, and liquidity sensitive."
   ]
  },
  {
   "cell_type": "markdown",
   "metadata": {},
   "source": [
    "## New Market Maker"
   ]
  },
  {
   "cell_type": "markdown",
   "metadata": {},
   "source": [
    "We relax *Transaction Invariance*.\n",
    "\n",
    "$$\n",
    "    \\sum_i p_i(\\mathbf{q}) \\ge 1\n",
    "$$\n",
    "\n",
    "-> However, if it costs more than one dollar to acquire a dollar guaranteed payout, a trader could arbitrage the market maker by selling dollar guaranteed payouts to the market maker for more than a dollar.\n",
    "\n",
    "-> Two ways to get around this problem: **No Selling** and **Covered Short Selling**"
   ]
  },
  {
   "cell_type": "markdown",
   "metadata": {},
   "source": [
    "### Formulation"
   ]
  },
  {
   "cell_type": "markdown",
   "metadata": {},
   "source": [
    "**Cost function** can be written as \n",
    "$$\n",
    "    C(\\mathbf{q}) = b(\\mathbf{q}) \\log \\left( \\sum_i \\exp (q_i / b(\\mathbf{q})) \\right)\n",
    "$$\n",
    "\n",
    "If $b(\\mathbf{q}) = b$, it becomes LMSR. Let\n",
    "\n",
    "$$\n",
    "    b(\\mathbf{q}) = \\alpha \\sum_i q_i\n",
    "$$\n",
    "where $\\alpha > 0$ is a constant.\n",
    "\n",
    "The $\\alpha$ can be thought of as the commission taken by the market maker.\n",
    "Higher values of $\\alpha$ correspond to larger commissions, which leads to more revenue.\n",
    "At the same time, setting $\\alpha$ too large discourages trade.\n",
    "\n",
    "Cost function $C(\\cdot)$ is nondecreasing in $\\alpha$."
   ]
  },
  {
   "cell_type": "markdown",
   "metadata": {},
   "source": [
    "**Price function** can be written as\n",
    "$$\n",
    "    p_i(\\mathbf{q}) = \\alpha \\log\\left( \\sum_j \\exp(q_j / b(\\mathbf{q})) \\right) + \\frac{\\sum_j q_j \\exp(q_i/b(\\mathbf{q})) - \\sum_j q_j \\exp(q_j/b(\\mathbf{q}))}{\\sum_j q_j \\sum_j \\exp(q_j/b(\\mathbf{q}))}\n",
    "$$"
   ]
  },
  {
   "cell_type": "markdown",
   "metadata": {},
   "source": [
    "Bounds on the sum of prices is expressed as follows:\n",
    "$$\n",
    "    1 + n \\left[\\alpha \\log(\\exp(1/\\alpha)+n-1) - \\frac{\\exp(1/\\alpha)}{\\exp(1/\\alpha)+n-1} \\right] \\le \\sum_i p_i(\\mathbf{q}) \\le 1 + \\alpha n \\log n\n",
    "$$\n",
    "\n",
    "Second inequality becomes tight when $\\mathbf{q} = k \\mathbf{1}$ for $k > 0$."
   ]
  },
  {
   "cell_type": "markdown",
   "metadata": {},
   "source": [
    "# Code"
   ]
  },
  {
   "cell_type": "markdown",
   "metadata": {},
   "source": [
    "Consider two outcomes $A$ and $B$ case. Then cost function and price function become"
   ]
  },
  {
   "cell_type": "code",
   "execution_count": 1,
   "metadata": {},
   "outputs": [
    {
     "data": {
      "text/html": [
       "        <script type=\"text/javascript\">\n",
       "        window.PlotlyConfig = {MathJaxConfig: 'local'};\n",
       "        if (window.MathJax) {MathJax.Hub.Config({SVG: {font: \"STIX-Web\"}});}\n",
       "        if (typeof require !== 'undefined') {\n",
       "        require.undef(\"plotly\");\n",
       "        requirejs.config({\n",
       "            paths: {\n",
       "                'plotly': ['https://cdn.plot.ly/plotly-latest.min']\n",
       "            }\n",
       "        });\n",
       "        require(['plotly'], function(Plotly) {\n",
       "            window._Plotly = Plotly;\n",
       "        });\n",
       "        }\n",
       "        </script>\n",
       "        "
      ]
     },
     "metadata": {},
     "output_type": "display_data"
    }
   ],
   "source": [
    "import numpy as np\n",
    "import matplotlib.pyplot as plt\n",
    "import plotly\n",
    "import plotly.plotly as py\n",
    "import plotly.graph_objs as go\n",
    "from plotly.offline import init_notebook_mode, download_plotlyjs\n",
    "init_notebook_mode(connected=True)"
   ]
  },
  {
   "cell_type": "markdown",
   "metadata": {},
   "source": [
    "## Cost function"
   ]
  },
  {
   "cell_type": "code",
   "execution_count": 2,
   "metadata": {},
   "outputs": [],
   "source": [
    "def cost_function(qA, qB, a):\n",
    "    b = a * (qA + qB)\n",
    "    return b * np.log(np.exp(qA / b) + np.exp(qB / b))"
   ]
  },
  {
   "cell_type": "code",
   "execution_count": 3,
   "metadata": {},
   "outputs": [],
   "source": [
    "x, y = np.meshgrid(np.linspace(1, 500, 32), np.linspace(1, 500, 32))"
   ]
  },
  {
   "cell_type": "code",
   "execution_count": 4,
   "metadata": {},
   "outputs": [
    {
     "data": {
      "application/vnd.plotly.v1+json": {
       "config": {
        "linkText": "Export to plot.ly",
        "plotlyServerURL": "https://plot.ly",
        "showLink": false
       },
       "data": [
        {
         "type": "surface",
         "uid": "90c22df3-d40c-4dcf-95ac-418ce5499d41",
         "z": [
          [
           1.013862943611199,
           17.096774193548388,
           33.193548387096776,
           49.29032258064517,
           65.38709677419355,
           81.48387096774194,
           97.58064516129033,
           113.67741935483872,
           129.7741935483871,
           145.8709677419355,
           161.96774193548387,
           178.06451612903226,
           194.16129032258067,
           210.25806451612905,
           226.35483870967744,
           242.45161290322582,
           258.5483870967742,
           274.6451612903226,
           290.741935483871,
           306.8387096774194,
           322.93548387096774,
           339.03225806451616,
           355.1290322580645,
           371.2258064516129,
           387.32258064516134,
           403.4193548387097,
           419.5161290322581,
           435.61290322580646,
           451.7096774193549,
           467.8064516129033,
           483.90322580645164,
           499.99999999999994
          ],
          [
           17.096774193548388,
           17.33378581012695,
           33.19354838709678,
           49.29032258064517,
           65.38709677419355,
           81.48387096774194,
           97.58064516129033,
           113.67741935483872,
           129.7741935483871,
           145.8709677419355,
           161.96774193548387,
           178.06451612903226,
           194.16129032258067,
           210.25806451612905,
           226.35483870967744,
           242.45161290322582,
           258.5483870967742,
           274.6451612903226,
           290.741935483871,
           306.8387096774194,
           322.93548387096774,
           339.03225806451616,
           355.1290322580645,
           371.2258064516129,
           387.32258064516134,
           403.4193548387097,
           419.5161290322581,
           435.61290322580646,
           451.7096774193549,
           467.80645161290323,
           483.90322580645164,
           500
          ],
          [
           33.193548387096776,
           33.19354838709678,
           33.6537086766427,
           49.2903225834063,
           65.38709677419355,
           81.48387096774194,
           97.58064516129033,
           113.67741935483872,
           129.7741935483871,
           145.8709677419355,
           161.96774193548387,
           178.06451612903226,
           194.16129032258067,
           210.25806451612905,
           226.35483870967744,
           242.45161290322582,
           258.5483870967742,
           274.6451612903226,
           290.741935483871,
           306.8387096774194,
           322.93548387096774,
           339.03225806451616,
           355.1290322580645,
           371.2258064516129,
           387.32258064516134,
           403.4193548387097,
           419.5161290322581,
           435.61290322580646,
           451.7096774193549,
           467.8064516129033,
           483.90322580645164,
           499.99999999999994
          ],
          [
           49.29032258064517,
           49.29032258064517,
           49.2903225834063,
           49.97363154315846,
           65.38709769352819,
           81.48387096776855,
           97.58064516129033,
           113.67741935483872,
           129.7741935483871,
           145.8709677419355,
           161.96774193548384,
           178.06451612903226,
           194.16129032258067,
           210.25806451612905,
           226.35483870967744,
           242.45161290322582,
           258.5483870967742,
           274.6451612903226,
           290.741935483871,
           306.8387096774194,
           322.93548387096774,
           339.03225806451616,
           355.1290322580645,
           371.2258064516129,
           387.32258064516134,
           403.4193548387097,
           419.5161290322581,
           435.61290322580646,
           451.7096774193549,
           467.80645161290323,
           483.90322580645164,
           500
          ],
          [
           65.38709677419355,
           65.38709677419355,
           65.38709677419355,
           65.38709769352819,
           66.2935544096742,
           81.48389650349085,
           97.5806451655838,
           113.67741935484219,
           129.7741935483871,
           145.8709677419355,
           161.96774193548387,
           178.06451612903226,
           194.16129032258067,
           210.25806451612905,
           226.3548387096774,
           242.45161290322582,
           258.5483870967742,
           274.6451612903226,
           290.741935483871,
           306.8387096774194,
           322.93548387096774,
           339.03225806451616,
           355.1290322580645,
           371.2258064516129,
           387.3225806451613,
           403.41935483870975,
           419.5161290322581,
           435.61290322580646,
           451.7096774193549,
           467.8064516129032,
           483.90322580645164,
           500
          ],
          [
           81.48387096774194,
           81.48387096774194,
           81.48387096774194,
           81.48387096776855,
           81.48389650349085,
           82.61347727618995,
           97.5808684918251,
           113.67741948859967,
           129.77419354863684,
           145.87096774193662,
           161.96774193548387,
           178.06451612903226,
           194.16129032258067,
           210.25806451612905,
           226.35483870967744,
           242.4516129032258,
           258.5483870967742,
           274.6451612903226,
           290.741935483871,
           306.8387096774194,
           322.93548387096774,
           339.03225806451616,
           355.1290322580645,
           371.2258064516129,
           387.32258064516134,
           403.4193548387097,
           419.51612903225816,
           435.61290322580646,
           451.7096774193549,
           467.8064516129033,
           483.9032258064516,
           500
          ],
          [
           97.58064516129033,
           97.58064516129033,
           97.58064516129033,
           97.58064516129033,
           97.5806451655838,
           97.5808684918251,
           98.93340014270572,
           113.67845594464787,
           129.77419515930893,
           145.87096774784948,
           161.96774193552758,
           178.06451612903282,
           194.16129032258067,
           210.25806451612905,
           226.35483870967744,
           242.4516129032258,
           258.5483870967742,
           274.6451612903226,
           290.741935483871,
           306.8387096774194,
           322.93548387096774,
           339.03225806451616,
           355.1290322580645,
           371.2258064516129,
           387.32258064516134,
           403.4193548387097,
           419.5161290322581,
           435.6129032258064,
           451.7096774193549,
           467.80645161290323,
           483.90322580645164,
           500
          ],
          [
           113.67741935483872,
           113.67741935483872,
           113.67741935483872,
           113.67741935483872,
           113.67741935484219,
           113.67741948859967,
           113.67845594464787,
           115.25332300922148,
           129.7774640153297,
           145.87097839239058,
           161.96774200339453,
           178.06451612979114,
           194.16129032259425,
           210.25806451612942,
           226.35483870967744,
           242.4516129032258,
           258.5483870967742,
           274.6451612903226,
           290.741935483871,
           306.8387096774194,
           322.93548387096774,
           339.03225806451616,
           355.1290322580645,
           371.2258064516129,
           387.32258064516134,
           403.4193548387097,
           419.5161290322581,
           435.6129032258064,
           451.7096774193549,
           467.80645161290323,
           483.90322580645164,
           500
          ],
          [
           129.7741935483871,
           129.7741935483871,
           129.7741935483871,
           129.7741935483871,
           129.7741935483871,
           129.77419354863684,
           129.77419515930893,
           129.7774640153297,
           131.57324587573723,
           145.87897680692572,
           161.9677889878731,
           178.06451660283005,
           194.16129033013502,
           210.2580645163077,
           226.3548387096834,
           242.4516129032261,
           258.5483870967742,
           274.6451612903226,
           290.741935483871,
           306.8387096774194,
           322.93548387096774,
           339.0322580645162,
           355.1290322580645,
           371.2258064516129,
           387.32258064516134,
           403.41935483870975,
           419.5161290322581,
           435.61290322580646,
           451.7096774193549,
           467.8064516129033,
           483.9032258064516,
           500.00000000000006
          ],
          [
           145.8709677419355,
           145.8709677419355,
           145.8709677419355,
           145.8709677419355,
           145.8709677419355,
           145.87096774193662,
           145.87096774784948,
           145.87097839239058,
           145.87897680692572,
           147.89316874225295,
           161.98419519914813,
           178.06467255788448,
           194.16129263360736,
           210.2580645662119,
           226.3548387111922,
           242.45161290328716,
           258.5483870967774,
           274.64516129032285,
           290.741935483871,
           306.8387096774194,
           322.93548387096774,
           339.03225806451616,
           355.1290322580645,
           371.2258064516129,
           387.3225806451613,
           403.41935483870964,
           419.5161290322581,
           435.61290322580646,
           451.7096774193549,
           467.80645161290323,
           483.9032258064516,
           500
          ],
          [
           161.96774193548387,
           161.96774193548387,
           161.96774193548387,
           161.96774193548384,
           161.96774193548387,
           161.96774193548387,
           161.96774193552758,
           161.96774200339453,
           161.9677889878731,
           161.98419519914813,
           164.2130916087687,
           178.09428160847392,
           194.16171262391592,
           210.25807315649823,
           226.35483895415035,
           242.45161291242815,
           258.54838709722014,
           274.6451612903497,
           290.74193548387296,
           306.83870967741956,
           322.93548387096774,
           339.03225806451616,
           355.1290322580645,
           371.225806451613,
           387.32258064516134,
           403.41935483870975,
           419.5161290322581,
           435.61290322580646,
           451.7096774193549,
           467.8064516129033,
           483.90322580645164,
           500
          ],
          [
           178.06451612903226,
           178.06451612903226,
           178.06451612903226,
           178.06451612903226,
           178.06451612903226,
           178.06451612903226,
           178.06451612903282,
           178.06451612979114,
           178.06451660283005,
           178.06467255788448,
           178.09428160847392,
           180.53301447528446,
           194.2102519477177,
           210.25903873659337,
           226.35486507721987,
           242.45161384534626,
           258.5483871398712,
           274.64516129278087,
           290.7419354840419,
           306.8387096774336,
           322.9354838709691,
           339.0322580645163,
           355.1290322580645,
           371.2258064516129,
           387.32258064516134,
           403.4193548387097,
           419.5161290322581,
           435.6129032258064,
           451.70967741935493,
           467.8064516129032,
           483.9032258064516,
           499.99999999999994
          ],
          [
           194.16129032258067,
           194.16129032258067,
           194.16129032258067,
           194.16129032258067,
           194.16129032258067,
           194.16129032258067,
           194.16129032258067,
           194.16129032259425,
           194.16129033013502,
           194.16129263360736,
           194.16171262391592,
           194.2102519477177,
           196.85293734180024,
           210.3329192993177,
           226.35682865805404,
           242.45168156312005,
           258.5483901099326,
           274.6451614544201,
           290.741935494725,
           306.8387096782751,
           322.9354838710468,
           339.0322580645246,
           355.12903225806554,
           371.2258064516131,
           387.32258064516134,
           403.41935483870975,
           419.51612903225816,
           435.61290322580646,
           451.70967741935493,
           467.80645161290323,
           483.90322580645164,
           500
          ],
          [
           210.25806451612905,
           210.25806451612905,
           210.25806451612905,
           210.25806451612905,
           210.25806451612905,
           210.25806451612905,
           210.25806451612905,
           210.25806451612942,
           210.2580645163077,
           210.2580645662119,
           210.25807315649823,
           210.25903873659337,
           210.3329192993177,
           213.17286020831597,
           226.46287811703405,
           242.45530475150267,
           258.5485446587058,
           274.64516958778154,
           290.7419360123784,
           306.83870971741806,
           322.9354838745088,
           339.03225806487785,
           355.1290322581066,
           371.2258064516185,
           387.3225806451622,
           403.41935483870986,
           419.5161290322581,
           435.61290322580646,
           451.7096774193549,
           467.8064516129033,
           483.9032258064517,
           500
          ],
          [
           226.35483870967744,
           226.35483870967744,
           226.35483870967744,
           226.35483870967744,
           226.3548387096774,
           226.35483870967744,
           226.35483870967744,
           226.35483870967744,
           226.3548387096834,
           226.3548387111922,
           226.35483895415035,
           226.35486507721987,
           226.35682865805404,
           226.46287811703405,
           229.49278307483172,
           242.60051471714937,
           258.5547260329468,
           274.6454876914104,
           290.7419557087869,
           306.8387111611248,
           322.93548399793355,
           339.032258077024,
           355.1290322594665,
           371.2258064517898,
           387.32258064518624,
           403.41935483871356,
           419.51612903225873,
           435.6129032258066,
           451.7096774193549,
           467.8064516129033,
           483.90322580645164,
           500
          ],
          [
           242.45161290322582,
           242.45161290322582,
           242.45161290322582,
           242.45161290322582,
           242.45161290322582,
           242.4516129032258,
           242.4516129032258,
           242.4516129032258,
           242.4516129032261,
           242.45161290328716,
           242.45161291242815,
           242.45161384534626,
           242.45168156312005,
           242.45530475150267,
           242.60051471714937,
           245.81270594134747,
           258.74603206301975,
           274.6553777542404,
           290.74255712149295,
           306.8387542488719,
           322.9354875870526,
           339.03225842030474,
           355.1290322967469,
           371.2258064563411,
           387.32258064580526,
           403.4193548388066,
           419.5161290322741,
           435.61290322580936,
           451.70967741935544,
           467.8064516129033,
           483.9032258064516,
           499.99999999999994
          ],
          [
           258.5483870967742,
           258.5483870967742,
           258.5483870967742,
           258.5483870967742,
           258.5483870967742,
           258.5483870967742,
           258.5483870967742,
           258.5483870967742,
           258.5483870967742,
           258.5483870967774,
           258.54838709722014,
           258.5483871398712,
           258.5483901099326,
           258.5485446587058,
           258.5547260329468,
           258.74603206301975,
           262.1326288078632,
           274.8994803732508,
           290.757560210235,
           306.8398136223698,
           322.9355741604642,
           339.032266521079,
           355.1290331555077,
           371.22580655849646,
           387.3225806593243,
           403.41935484078147,
           419.5161290325903,
           435.6129032258645,
           451.7096774193658,
           467.80645161290545,
           483.90322580645216,
           500.00000000000006
          ],
          [
           274.6451612903226,
           274.6451612903226,
           274.6451612903226,
           274.6451612903226,
           274.6451612903226,
           274.6451612903226,
           274.6451612903226,
           274.6451612903226,
           274.6451612903226,
           274.64516129032285,
           274.6451612903497,
           274.64516129278087,
           274.6451614544201,
           274.64516958778154,
           274.6454876914104,
           274.6553777542404,
           274.8994803732508,
           278.45255167437904,
           291.06078825364943,
           306.86157802952243,
           322.9373323220093,
           339.03242840270644,
           355.1290499994861,
           371.22580852128226,
           387.32258091335916,
           403.419354877027,
           419.5161290382528,
           435.6129032268271,
           451.70967741954297,
           467.8064516129405,
           483.9032258064596,
           500.0000000000017
          ],
          [
           290.741935483871,
           290.741935483871,
           290.741935483871,
           290.741935483871,
           290.741935483871,
           290.741935483871,
           290.741935483871,
           290.741935483871,
           290.741935483871,
           290.741935483871,
           290.74193548387296,
           290.7419354840419,
           290.741935494725,
           290.7419360123784,
           290.7419557087869,
           290.74255712149295,
           290.757560210235,
           291.06078825364943,
           294.77247454089473,
           307.2297914130533,
           322.96773074030733,
           339.0352022545678,
           355.12933469798253,
           371.2258411702866,
           387.32258506456577,
           403.4193554580365,
           419.5161291271847,
           435.6129032416253,
           451.70967742220535,
           467.80645161345586,
           483.9032258065664,
           500.00000000002535
          ],
          [
           306.8387096774194,
           306.8387096774194,
           306.8387096774194,
           306.8387096774194,
           306.8387096774194,
           306.8387096774194,
           306.8387096774194,
           306.8387096774194,
           306.8387096774194,
           306.8387096774194,
           306.83870967741956,
           306.8387096774336,
           306.8387096782751,
           306.83870971741806,
           306.8387111611248,
           306.8387542488719,
           306.8398136223698,
           306.86157802952243,
           307.2297914130533,
           311.0923974074105,
           323.40625760099454,
           339.0763050087701,
           355.13352514924196,
           371.22631615392993,
           387.3226446292961,
           403.41936366736593,
           419.5161303628917,
           435.6129034436109,
           451.7096774578701,
           467.8064516202258,
           483.9032258079418,
           500.00000000032327
          ],
          [
           322.93548387096774,
           322.93548387096774,
           322.93548387096774,
           322.93548387096774,
           322.93548387096774,
           322.93548387096774,
           322.93548387096774,
           322.93548387096774,
           322.93548387096774,
           322.93548387096774,
           322.93548387096774,
           322.9354838709691,
           322.9354838710468,
           322.9354838745088,
           322.93548399793355,
           322.9354875870526,
           322.9355741604642,
           322.9373323220093,
           322.96773074030733,
           323.40625760099454,
           327.41232027392624,
           339.58990737481406,
           355.1875686598167,
           371.2324137213053,
           387.32340170890296,
           403.41946676654976,
           419.51614567467925,
           435.61290591004877,
           451.70967788660494,
           467.8064517002754,
           483.9032258239271,
           500.00000000372387
          ],
          [
           339.03225806451616,
           339.03225806451616,
           339.03225806451616,
           339.03225806451616,
           339.03225806451616,
           339.03225806451616,
           339.03225806451616,
           339.03225806451616,
           339.0322580645162,
           339.03225806451616,
           339.03225806451616,
           339.0322580645163,
           339.0322580645246,
           339.03225806487785,
           339.032258077024,
           339.03225842030474,
           339.032266521079,
           339.03242840270644,
           339.0352022545678,
           339.0763050087701,
           339.58990737481406,
           343.732243140442,
           355.78043084909774,
           371.30176640355717,
           387.3319896371424,
           403.4206263791951,
           419.51631610281464,
           435.6129330409476,
           451.7096825423019,
           467.80645255761544,
           483.9032259926482,
           500.0000000390724
          ],
          [
           355.1290322580645,
           355.1290322580645,
           355.1290322580645,
           355.1290322580645,
           355.1290322580645,
           355.1290322580645,
           355.1290322580645,
           355.1290322580645,
           355.1290322580645,
           355.1290322580645,
           355.1290322580645,
           355.1290322580645,
           355.12903225806554,
           355.1290322581066,
           355.1290322594665,
           355.1290322967469,
           355.1290331555077,
           355.1290499994861,
           355.12933469798253,
           355.13352514924196,
           355.1875686598167,
           355.78043084909774,
           360.0521660069577,
           371.9775008503179,
           387.4191170846016,
           403.4323813114142,
           419.51803130484353,
           435.6132035973808,
           451.70972848983865,
           467.8064609228633,
           483.90322761884147,
           500.00000037537734
          ],
          [
           371.2258064516129,
           371.2258064516129,
           371.2258064516129,
           371.2258064516129,
           371.2258064516129,
           371.2258064516129,
           371.2258064516129,
           371.2258064516129,
           371.2258064516129,
           371.2258064516129,
           371.225806451613,
           371.2258064516129,
           371.2258064516131,
           371.2258064516185,
           371.2258064517898,
           371.2258064563411,
           371.22580655849646,
           371.22580852128226,
           371.2258411702866,
           371.22631615392993,
           371.2324137213053,
           371.30176640355717,
           371.9775008503179,
           376.3720888734735,
           388.18078300202717,
           403.5398122225138,
           419.53372166965937,
           435.61566360564314,
           451.7101429114125,
           467.8065356810039,
           483.9032420052135,
           500.00000331824384
          ],
          [
           387.32258064516134,
           387.32258064516134,
           387.32258064516134,
           387.32258064516134,
           387.3225806451613,
           387.32258064516134,
           387.32258064516134,
           387.32258064516134,
           387.32258064516134,
           387.3225806451613,
           387.32258064516134,
           387.32258064516134,
           387.32258064516134,
           387.3225806451622,
           387.32258064518624,
           387.32258064580526,
           387.3225806593243,
           387.32258091335916,
           387.32258506456577,
           387.3226446292961,
           387.32340170890296,
           387.3319896371424,
           387.4191170846016,
           388.18078300202717,
           392.6920117399893,
           404.3899432732278,
           419.6640156008452,
           435.6361459806646,
           451.71357606942905,
           467.80715061519925,
           483.9033593769791,
           500.00002711159846
          ],
          [
           403.4193548387097,
           403.4193548387097,
           403.4193548387097,
           403.4193548387097,
           403.41935483870975,
           403.4193548387097,
           403.4193548387097,
           403.4193548387097,
           403.41935483870975,
           403.41935483870964,
           403.41935483870975,
           403.4193548387097,
           403.41935483870975,
           403.41935483870986,
           403.41935483871356,
           403.4193548388066,
           403.41935484078147,
           403.419354877027,
           403.4193554580365,
           403.41936366736593,
           403.41946676654976,
           403.4206263791951,
           403.4323813114142,
           403.5398122225138,
           404.3899432732278,
           409.01193460650495,
           420.60465348070807,
           435.7918636741087,
           451.73978983440804,
           467.811826700914,
           483.90424633200183,
           500.0002056034951
          ],
          [
           419.5161290322581,
           419.5161290322581,
           419.5161290322581,
           419.5161290322581,
           419.5161290322581,
           419.51612903225816,
           419.5161290322581,
           419.5161290322581,
           419.5161290322581,
           419.5161290322581,
           419.5161290322581,
           419.5161290322581,
           419.51612903225816,
           419.5161290322581,
           419.51612903225873,
           419.5161290322741,
           419.5161290325903,
           419.5161290382528,
           419.5161291271847,
           419.5161303628917,
           419.51614567467925,
           419.51631610281464,
           419.51803130484353,
           419.53372166965937,
           419.6640156008452,
           420.60465348070807,
           425.3318574730207,
           436.82459517309496,
           451.9234665862425,
           467.84478731587234,
           483.9104781620418,
           500.00145281535913
          ],
          [
           435.61290322580646,
           435.61290322580646,
           435.61290322580646,
           435.61290322580646,
           435.61290322580646,
           435.61290322580646,
           435.6129032258064,
           435.6129032258064,
           435.61290322580646,
           435.61290322580646,
           435.61290322580646,
           435.6129032258064,
           435.61290322580646,
           435.61290322580646,
           435.6129032258066,
           435.61290322580936,
           435.6129032258645,
           435.6129032268271,
           435.6129032416253,
           435.6129034436109,
           435.61290591004877,
           435.6129330409476,
           435.6132035973808,
           435.61566360564314,
           435.6361459806646,
           435.7918636741087,
           436.82459517309496,
           441.6517803395365,
           453.0494622560958,
           468.05890962353004,
           483.9512694037227,
           500.0095971347463
          ],
          [
           451.7096774193549,
           451.7096774193549,
           451.7096774193549,
           451.7096774193549,
           451.7096774193549,
           451.7096774193549,
           451.7096774193549,
           451.7096774193549,
           451.7096774193549,
           451.7096774193549,
           451.7096774193549,
           451.70967741935493,
           451.70967741935493,
           451.7096774193549,
           451.7096774193549,
           451.70967741935544,
           451.7096774193658,
           451.70967741954297,
           451.70967742220535,
           451.7096774578701,
           451.70967788660494,
           451.7096825423019,
           451.70972848983865,
           451.7101429114125,
           451.71357606942905,
           451.73978983440804,
           451.9234665862425,
           453.0494622560958,
           457.97170320605227,
           469.27896265335636,
           484.19825495522065,
           500.05936260599447
          ],
          [
           467.8064516129033,
           467.80645161290323,
           467.8064516129033,
           467.80645161290323,
           467.8064516129032,
           467.8064516129033,
           467.80645161290323,
           467.80645161290323,
           467.8064516129033,
           467.80645161290323,
           467.8064516129033,
           467.8064516129032,
           467.80645161290323,
           467.8064516129033,
           467.8064516129033,
           467.8064516129033,
           467.80645161290545,
           467.8064516129405,
           467.80645161345586,
           467.8064516202258,
           467.8064517002754,
           467.80645255761544,
           467.8064609228633,
           467.8065356810039,
           467.80715061519925,
           467.811826700914,
           467.84478731587234,
           468.05890962353004,
           469.27896265335636,
           474.29162607256796,
           485.5128192395159,
           500.34154354367155
          ],
          [
           483.90322580645164,
           483.90322580645164,
           483.90322580645164,
           483.90322580645164,
           483.90322580645164,
           483.9032258064516,
           483.90322580645164,
           483.90322580645164,
           483.9032258064516,
           483.9032258064516,
           483.90322580645164,
           483.9032258064516,
           483.90322580645164,
           483.9032258064517,
           483.90322580645164,
           483.9032258064516,
           483.90322580645216,
           483.9032258064596,
           483.9032258065664,
           483.9032258079418,
           483.9032258239271,
           483.9032259926482,
           483.90322761884147,
           483.9032420052135,
           483.9033593769791,
           483.90424633200183,
           483.9104781620418,
           483.9512694037227,
           484.19825495522065,
           485.5128192395159,
           490.6115489390837,
           501.75077023270467
          ],
          [
           499.99999999999994,
           500,
           499.99999999999994,
           500,
           500,
           500,
           500,
           500,
           500.00000000000006,
           500,
           500,
           499.99999999999994,
           500,
           500,
           500,
           499.99999999999994,
           500.00000000000006,
           500.0000000000017,
           500.00000000002535,
           500.00000000032327,
           500.00000000372387,
           500.0000000390724,
           500.00000037537734,
           500.00000331824384,
           500.00002711159846,
           500.0002056034951,
           500.00145281535913,
           500.0095971347463,
           500.05936260599447,
           500.34154354367155,
           501.75077023270467,
           506.9314718055995
          ]
         ]
        }
       ],
       "layout": {
        "autosize": false,
        "height": 500,
        "margin": {
         "b": 65,
         "l": 65,
         "r": 50,
         "t": 90
        },
        "title": {
         "text": "LS-LMSR : Cost Function"
        },
        "width": 500
       }
      },
      "text/html": [
       "<div>\n",
       "        \n",
       "        \n",
       "            <div id=\"1543f7a8-4d46-45b7-99a4-e83d9bfd4a04\" class=\"plotly-graph-div\" style=\"height:500px; width:500px;\"></div>\n",
       "            <script type=\"text/javascript\">\n",
       "                require([\"plotly\"], function(Plotly) {\n",
       "                    window.PLOTLYENV=window.PLOTLYENV || {};\n",
       "                    window.PLOTLYENV.BASE_URL='https://plot.ly';\n",
       "                    \n",
